4294967294,50
4294967294,1420
23,1
23,4
4294967294,30
4294967294,1495
4294967294,36
4294967294,39
4294967294,1421
4294967294,979
4294967294,92
4294967294,88
4294967294,10
4294967294,980
4294967294,974
4294967294,973
4294967294,81
4294967294,115
4294967294,1422
4294967294,982
4294967294,981
27,4
26,4
0,5
4294967294,7
4294967294,6
4294967294,5
4294967294,969
4294967293,131
4294967293,130
4294967293,129
4294967293,128
4294967293,127
4294967293,126
4294967293,125
4294967293,124
4294967293,123
4294967293,122
4294967293,121
4294967293,120
4294967293,119
4294967293,118
4294967293,117
4294967293,116
4294967293,115
4294967293,114
4294967293,113
4294967293,112
4294967293,111
4294967293,110
4294967293,109
4294967293,108
4294967293,107
4294967293,106
4294967293,105
4294967293,104
4294967293,103
4294967293,102
4294967293,101
4294967293,100
4294967293,99
4294967293,98
4294967293,97
4294967293,96
4294967293,95
4294967293,94
4294967293,93
4294967293,92
4294967293,91
4294967293,90
4294967293,89
4294967293,87
4294967293,86
4294967293,85
4294967293,84
4294967293,83
4294967293,82
4294967293,81
4294967293,80
4294967293,79
4294967293,78
4294967293,77
4294967293,76
4294967293,75
4294967293,74
4294967293,73
4294967293,72
4294967293,71
4294967293,70
4294967293,69
4294967293,68
4294967293,67
4294967293,66
4294967293,65
4294967293,64
4294967293,63
4294967293,62
4294967293,61
4294967293,60
4294967293,59
4294967293,58
4294967293,57
4294967293,56
4294967293,55
4294967293,54
4294967293,53
4294967293,52
4294967293,51
4294967293,50
4294967293,49
4294967293,48
4294967293,47
4294967293,46
4294967293,45
4294967293,44
4294967293,43
4294967293,42
4294967293,41
4294967293,40
4294967293,39
4294967293,38
4294967293,37
4294967293,36
4294967293,35
4294967293,34
4294967293,33
4294967293,32
4294967293,31
4294967293,30
4294967293,29
4294967293,28
4294967293,27
4294967293,26
4294967293,25
4294967293,24
4294967293,23
4294967293,22
4294967293,21
4294967293,20
4294967293,19
4294967293,18
4294967293,17
4294967293,16
4294967293,15
4294967293,14
4294967293,13
4294967293,12
4294967293,11
4294967293,10
4294967293,9
4294967293,8
4294967293,7
4294967293,6
4294967293,5
4294967293,4
4294967293,3
4294967278,340
4294967278,97
4294967278,85
4294967278,84
4294967278,83
4294967278,82
4294967278,339
4294967278,80
4294967278,79
4294967278,77
4294967278,76
4294967278,75
4294967278,74
4294967278,73
4294967278,72
4294967278,71
4294967278,70
4294967278,69
4294967278,66
4294967278,60
4294967278,53
4294967278,51
4294967278,46
4294967278,45
4294967278,548
4294967278,44
4294967278,43
4294967278,42
4294967278,41
4294967278,40
4294967278,297
4294967278,39
4294967278,543
4294967278,38
4294967278,36
4294967278,541
4294967278,35
4294967278,34
4294967278,539
4294967278,33
4294967278,32
4294967278,31
4294967278,30
4294967278,29
4294967278,537
4294967278,28
4294967278,27
4294967278,26
4294967278,25
4294967278,24
4294967278,285
4294967278,23
4294967278,22
4294967278,21
4294967278,20
4294967278,19
4294967278,18
4294967278,17
4294967278,268
4294967278,16
4294967278,15
4294967278,265
4294967278,14
4294967278,13
4294967278,12
4294967278,11
4294967278,10
4294967278,9
4294967278,288
4294967278,8
4294967278,2
4294967278,260
4294967279,237
4294967279,113
4294967279,111
4294967279,108
4294967279,414
4294967279,174
4294967279,91
4294967279,411
4294967279,413
4294967279,49
4294967279,46
4294967279,45
4294967279,44
4294967279,43
4294967279,42
4294967279,40
4294967279,358
4294967279,39
4294967279,38
4294967279,36
4294967279,35
4294967279,260
4294967294,17
4294967294,42
4294967294,76
4294967294,41
4294967294,43
4294967294,52
4294967294,18
4294967294,127
4294967294,14
4294967294,126
4294967294,20
4294967294,13
4294967294,1494
4294967294,12
4294967294,67
4294967294,11
4294967294,977
4294967294,82
4294967294,83
4294967294,1561
4294967294,2249
4294967294,99
4294967294,46
4294967294,8
4294967294,9
4294967294,2
4294967294,1549
4294967294,24
4294967294,1131
4294967278,306
4294967279,300
4294967279,362
4294967279,415
4294967294,1191
4294967294,1192
4294967294,1559
4294967294,2246
4294967294,1129
4294967294,1432
4294967294,2250
1,0
4294967294,231
4294967294,230
4294967294,229
4294967294,151
4294967294,72
4294967294,71
4294967294,223
4294967294,70
4294967294,222
4294967294,221
4294967294,220
4294967294,219
4294967294,217
4294967294,1546
4294967294,213
4294967294,211
4294967294,209
4294967294,204
4294967294,201
4294967294,200
4294967294,198
4294967294,196
4294967294,194
4294967294,830
4294967294,829
4294967294,826
4294967294,825
4294967294,2247
4294967294,816
4294967294,814
4294967294,813
4294967294,810
4294967294,226
4294967294,803
4294967294,802
4294967294,793
4294967294,792
4294967294,791
4294967294,790
4294967294,788
4294967294,519
4294967294,144
4294967294,784
4294967294,783
4294967294,782
4294967294,780
4294967294,778
4294967294,777
4294967294,775
4294967294,773
4294967294,772
4294967294,771
4294967294,769
4294967294,767
4294967294,1
4294967294,764
4294967294,763
4294967294,1414
4294967294,1825
4294967294,762
4294967294,761
4294967294,1092
4294967294,1088
4294967294,1146
4294967294,125
4294967294,759
4294967294,1134
4294967294,3
4294967294,756
4294967294,107
4294967294,755
4294967294,754
4294967294,753
4294967294,752
4294967294,751
4294967294,749
4294967294,1410
4294967294,743
4294967294,741
4294967294,1412
4294967294,738
4294967294,735
4294967294,1411
4294967294,1413
4294967294,730
4294967294,729
4294967294,728
4294967294,726
4294967294,725
4294967294,724
4294967294,721
4294967294,720
4294967294,719
4294967294,717
4294967294,716
4294967294,715
4294967294,714
4294967294,712
4294967294,711
4294967294,708
4294967294,703
4294967294,702
4294967294,701
4294967294,1562
4294967294,699
4294967294,697
4294967294,696
4294967294,695
4294967294,1151
4294967294,692
4294967294,1822
4294967294,689
4294967294,682
4294967294,680
4294967294,678
4294967294,2241
4294967294,674
4294967294,988
4294967294,1563
4294967294,1820
4294967294,668
4294967294,664
4294967294,1821
4294967294,661
4294967294,659
4294967294,655
4294967294,1819
4294967294,1818
4294967294,651
4294967294,650
4294967294,648
4294967294,1429
4294967294,642
4294967294,641
4294967294,638
4294967294,637
4294967294,1817
4294967294,631
4294967294,629
4294967294,626
4294967294,623
4294967294,622
4294967294,2242
4294967294,621
4294967294,615
4294967294,605
4294967294,604
4294967294,598
4294967294,596
4294967294,592
4294967294,590
4294967294,588
4294967294,587
4294967294,585
4294967294,584
4294967294,582
4294967294,580
4294967294,577
4294967294,576
4294967294,565
4294967294,563
4294967294,1090
4294967294,560
4294967294,555
4294967294,428
4294967294,554
4294967294,552
4294967294,543
4294967294,542
4294967294,539
4294967294,537
4294967294,535
4294967294,534
4294967294,533
4294967294,750
4294967294,747
4294967294,1110
4294967294,1145
4294967294,1144
4294967294,0
4294967294,1875
4294967279,233
4294967278,334
4294967279,405
4294967278,528
4294967278,159
4294967278,293
4294967278,335
4294967279,410
4294967279,227
4294967278,310
4294967278,305
4294967278,299
4294967278,338
4294967294,1565
4294967294,1816
4294967294,1870
4294967294,1564
4294967294,1815
4294967294,1814
4294967294,1813
4294967294,2240
4294967294,1812
4294967294,1811
4294967294,1810
4294967294,1133
4294967294,1537
4294967294,1809
4294967294,1808
4294967294,1871
4294967294,1804
4294967294,1439
4294967294,1863
4294967294,1803
4294967294,1802
4294967294,521
4294967294,443
4294967294,1800
4294967294,1798
4294967294,425
4294967294,1478
4294967294,1796
4294967294,1594
4294967294,1583
4294967294,1572
4294967294,1794
4294967294,1197
4294967294,1792
4294967294,1541
4294967294,1459
4294967294,1566
4294967294,1470
4294967294,1479
4294967294,1538
4294967294,987
4294967294,84
4294967294,1113
4294967294,1876
4294967294,1867
4294967294,1587
4294967294,1860
4294967294,1861
4294967294,422
4294967294,1130
4294967294,423
4294967294,1598
4294967294,1114
4294967294,1916
4294967294,1873
4294967294,1868
4294967294,1864
4294967294,515
4294967294,1597
4294967294,520
4294967294,532
4294967294,531
4294967294,1579
4294967294,528
4294967294,430
4294967294,1595
4294967294,1596
4294967294,1586
4294967294,1590
4294967294,1575
4294967294,1578
4294967294,1552
4294967294,1574
4294967294,1722
4294967294,1721
4294967294,1720
4294967294,1719
4294967294,1718
4294967294,1716
4294967294,1715
4294967294,1714
4294967294,1713
4294967294,1712
4294967294,1711
4294967294,1710
4294967294,1709
4294967294,1708
4294967294,1707
4294967294,1717
4294967294,1706
4294967278,524
4294967278,540
4294967278,294
4294967279,402
4294967278,330
4294967279,401
4294967279,400
4294967279,399
4294967279,398
4294967278,329
4294967279,397
4294967279,396
4294967279,395
4294967278,333
4294967278,327
4294967279,394
4294967294,1463
4294967294,1476
4294967294,1477
4294967294,1467
4294967294,1444
4294967294,1469
4294967294,1872
4294967294,1453
4294967294,1449
4294967294,1455
4294967294,1452
4294967294,1451
4294967294,1460
4294967294,1462
4294967294,1466
4294967294,1465
4294967294,1471
4294967294,1435
4294967294,1434
4294967294,1878
4294967294,1436
4294967294,1440
4294967294,393
4294967294,392
4294967294,390
4294967294,389
4294967294,1705
4294967294,1704
4294967294,1703
4294967294,1702
4294967294,1701
4294967294,1699
4294967294,1698
4294967294,1697
4294967294,1696
4294967294,1695
4294967294,1694
4294967294,1693
4294967294,1692
4294967294,1691
4294967294,1690
4294967294,1700
4294967294,1689
4294967294,1688
4294967294,1687
4294967294,1686
4294967294,1685
4294967294,1684
4294967294,1682
4294967294,1681
4294967294,1680
4294967294,1679
4294967294,1678
4294967294,1677
4294967294,1676
4294967294,1675
4294967294,1674
4294967294,1673
4294967294,1683
4294967294,1672
4294967294,1671
4294967294,1670
4294967294,1669
4294967294,1668
4294967294,1667
4294967294,1665
4294967294,1664
4294967294,1663
4294967294,1662
4294967294,1661
4294967294,1660
4294967294,1659
4294967294,1658
4294967294,1657
4294967294,1656
4294967294,1666
4294967294,1655
4294967294,1654
4294967294,1653
4294967294,1652
4294967294,1651
4294967294,1650
4294967294,1648
4294967294,1647
4294967294,1646
4294967294,1645
4294967294,1644
4294967294,1643
4294967294,1642
4294967294,1641
4294967294,1640
4294967294,1639
4294967294,1649
4294967294,1638
4294967294,1637
4294967294,1636
4294967294,1635
4294967294,1634
4294967294,1633
4294967294,1631
4294967294,1630
4294967294,1629
4294967294,1628
4294967294,1627
4294967294,1626
4294967294,1625
4294967294,1624
4294967294,1623
4294967294,1622
4294967294,1632
4294967294,1621
4294967294,1620
4294967294,1619
4294967294,1618
4294967294,1617
4294967294,1616
4294967294,1614
4294967294,1613
4294967294,1612
4294967294,1611
4294967294,1610
4294967294,1609
4294967294,1608
4294967294,1607
4294967294,1606
4294967294,1605
4294967294,1615
4294967294,1604
4294967294,1603
4294967294,1602
4294967294,1601
4294967294,1600
4294967294,383
4294967294,381
4294967294,380
4294967294,379
4294967294,378
4294967294,377
4294967294,376
4294967294,375
